ninja: no work to do.
bit_width=6 head_dim=128 packed=96 B/vector | triton tf32=False, cuda arm is fp32

   B      L        N  torch us  triton us   cuda us cuda/torch cuda/triton   max|err|
-------------------------------------------------------------------------------------
   1      1        4     336.7      249.7       7.8      43.29       32.12   0.00e+00
   1      8       32     354.9      149.3       8.8      40.41       17.00   7.63e-06
   1     64      256     339.7      141.3       9.1      37.51       15.61   4.88e-04
   1    128      512     343.8      144.6       9.7      35.44       14.90   7.81e-03
   1    512     2048     346.3      260.9      28.9      11.99        9.03   0.00e+00
   1   2048     8192     391.0      883.9      84.1       4.65       10.51   0.00e+00
   1   8192    32768    1458.0     3494.2     323.9       4.50       10.79   0.00e+00
   1  16384    65536    2853.7     6931.2     646.3       4.42       10.72   0.00e+00
   4      1       16     338.3      131.0       8.4      40.49       15.68   1.19e-07
   4      8      128     341.1      141.9       8.4      40.38       16.80   3.91e-03
   4     64     1024     343.0      173.4      15.4      22.33       11.29   7.81e-03
   4    128     2048     345.5      256.5      27.3      12.64        9.38   0.00e+00
   4    512     8192     386.8      884.1      84.6       4.57       10.45   0.00e+00
   4   2048    32768    1458.2     3494.9     324.0       4.50       10.79   0.00e+00
   4   8192   131072    5643.1    13839.7    1308.0       4.31       10.58   0.00e+00
   4  16384   262144   11223.7    27730.1    2687.1       4.18       10.32   0.00e+00
  16      1       64     340.1      132.5       8.4      40.43       15.75   6.10e-05
  16      8      512     344.9      149.6       9.2      37.45       16.25   6.10e-05
  16     64     4096     359.4      433.9      46.6       7.71        9.31   0.00e+00
  16    128     8192     387.8      884.2      85.5       4.54       10.34   0.00e+00
  16    512    32768    1458.2     3495.8     325.7       4.48       10.73   0.00e+00
  16   2048   131072    5645.2    13838.2    1313.0       4.30       10.54   0.00e+00
  16   8192   524288   22424.8    55557.9    5412.2       4.14       10.27   0.00e+00
  16  16384  1048576   44822.9   111204.5   10811.0       4.15       10.29   0.00e+00

worst absolute error vs the torch path: 7.812e-03
CORRECT
