ninja: no work to do.
bit_width=6 head_dim=128 packed=96 B/vector | triton tf32=True, cuda arm is fp32

   B      L        N  torch us  triton us   cuda us cuda/torch cuda/triton   max|err|
-------------------------------------------------------------------------------------
   1      1        4     356.4       31.2       8.8      40.73        3.57   0.00e+00
   1      8       32     403.4       30.8       8.9      45.34        3.47   7.63e-06
   1     64      256     384.7       30.9       9.2      41.62        3.34   4.88e-04
   1    128      512     392.9       30.8       9.7      40.33        3.16   7.81e-03
   1    512     2048     393.1       31.6      29.0      13.57        1.09   0.00e+00
   1   2048     8192     396.8       31.7      89.3       4.44        0.36   0.00e+00
   1   8192    32768    1463.7       53.5     333.8       4.39        0.16   0.00e+00
   1  16384    65536    2853.2       96.4     684.7       4.17        0.14   0.00e+00
   4      1       16     337.5       27.2       8.4      39.96        3.22   1.19e-07
   4      8      128     343.9       27.1       8.5      40.26        3.17   3.91e-03
   4     64     1024     347.0       27.4      15.6      22.31        1.76   7.81e-03
   4    128     2048     347.0       27.6      27.6      12.55        1.00   0.00e+00
   4    512     8192     387.5       31.6      86.1       4.50        0.37   0.00e+00
   4   2048    32768    1459.8       54.3     337.5       4.33        0.16   0.00e+00
   4   8192   131072    5648.2      179.5    1364.1       4.14        0.13   0.00e+00
   4  16384   262144   11232.6      346.2    2710.6       4.14        0.13   0.00e+00
  16      1       64     356.5       28.5       8.5      41.71        3.34   6.10e-05
  16      8      512     349.9       27.4       9.3      37.75        2.95   6.10e-05
  16     64     4096     349.1       27.4      46.9       7.44        0.58   0.00e+00
  16    128     8192     387.7       28.0      86.6       4.48        0.32   0.00e+00
  16    512    32768    1460.5       54.2     337.5       4.33        0.16   0.00e+00
  16   2048   131072    5648.8      180.8    1357.7       4.16        0.13   0.00e+00
  16   8192   524288   22437.7      688.3    5454.5       4.11        0.13   0.00e+00
  16  16384  1048576   44825.7     1359.3   10824.2       4.14        0.13   0.00e+00

worst absolute error vs the torch path: 7.812e-03
CORRECT
